283 9.996190
668 -9.987250
227 -9.985740
143 9.976060
551 -9.972680
164 -9.948430
820 -9.946040
324 -9.932430
414 -9.929460
960 9.928770
797 9.912280
23 -9.910470
553 -9.899820
71 9.880530
468 9.873110
731 -9.869740
760 9.866760
939 -9.854320
177 9.842640
374 9.836850
106 9.836140
650 9.826880
571 -9.813930
930 9.795140
335 9.779830
506 -9.769710
412 9.766150
446 -9.765310
745 9.761350
577 -9.735180
613 -9.731480
64 9.727980
561 -9.717630
221 9.694300
535 -9.693200
350 -9.689180
1010 -9.685550
643 9.671010
922 -9.649080
628 9.642350
727 9.641130
421 9.641100
733 9.603090
432 9.597300
430 9.582020
694 -9.580100
909 9.563580
634 9.553050
707 9.550230
783 -9.543290
583 -9.527780
705 9.523470
590 -9.515630
173 -9.514900
121 9.488850
53 -9.480060
828 -9.470700
147 9.461840
835 -9.450630
997 -9.426240
555 -9.422780
382 -9.417710
440 9.414590
126 9.407410
60 9.404370
687 -9.404070
29 -9.404000
438 9.398900
475 9.397290
912 -9.393910
82 -9.388350
825 -9.382980
954 -9.366450
479 -9.364770
857 -9.358090
364 9.354160
181 9.338280
299 -9.333330
860 9.324550
454 9.302630
928 -9.301920
471 9.287700
1009 -9.251890
973 -9.248130
836 9.238340
128 -9.234280
839 -9.232900
623 -9.226900
622 9.226090
781 9.212450
365 -9.191000
67 -9.189890
443 9.180740
356 -9.177650
503 -9.167000
388 9.159350
239 -9.157130
336 9.153150
904 9.135950
736 9.126560
400 -9.121680
752 9.083500
646 -9.066080
154 9.056940
653 9.052970
569 -9.045750
148 -9.037110
159 9.031590
333 -8.990700
5 8.974870
241 8.970020
877 8.961140
881 -8.957490
134 8.950930
586 -8.950560
895 8.948310
415 -8.946060
132 -8.944860
748 -8.941970
240 8.941720
86 -8.934310
662 8.934260
568 8.932830
36 -8.917870
13 -8.894490
903 -8.893780
313 8.887660
420 8.878160
correct!
