52414 -9.999770
64680 9.999720
47645 -9.999600
41236 9.999200
60461 9.999100
13592 9.999000
61162 -9.998770
40597 -9.998580
38890 -9.998270
57830 -9.998240
16018 9.998130
2754 -9.998050
4786 -9.998030
1516 -9.997840
10390 -9.997840
46819 9.997790
36107 9.997630
55161 9.997360
51047 9.997220
11088 9.997120
6660 -9.996900
7860 9.996800
40446 9.996650
49398 -9.996630
27048 -9.996400
6926 9.995990
1879 9.995500
15633 9.995450
49049 9.995270
42167 9.994950
13603 -9.994900
32681 9.994830
9548 -9.994780
36354 -9.994770
64814 9.994760
48108 9.994600
19913 -9.994450
33410 -9.994080
588 -9.993920
17233 -9.993620
62184 -9.993490
35611 -9.993430
57018 9.993250
14386 9.993080
55289 9.993080
7071 9.992990
16495 -9.992910
26429 -9.992750
48610 -9.992390
28254 -9.992290
27854 9.992220
40400 -9.992180
12821 9.992060
1742 9.991960
55489 9.991880
10457 -9.991760
45004 -9.991540
57658 -9.991360
49029 9.991330
26534 9.991240
17738 -9.991180
9169 9.991050
27474 -9.990710
55123 9.990420
9064 9.989790
19771 9.989750
25287 -9.989710
63804 9.989670
6640 9.989460
4667 -9.989450
42349 9.989340
42283 9.989230
57101 9.988880
477 9.988490
3952 9.988440
10678 9.988000
41664 9.987800
59711 -9.987720
26070 -9.987660
4392 9.987590
40332 -9.987270
23776 9.986940
31783 9.986720
19230 9.986520
47087 9.986500
64415 9.986490
5400 9.986450
60381 -9.986390
42234 9.986340
25076 9.986310
5310 -9.986220
2222 9.986160
47793 -9.986160
12624 9.986120
44876 9.986070
52337 9.985870
56444 9.985680
33655 -9.985550
41074 9.985380
455 9.985260
33479 9.985190
17400 9.985120
32293 9.985070
36415 9.985030
19833 9.984740
59375 -9.984600
63215 -9.984510
51347 -9.984480
57068 9.983840
18166 9.983730
34119 9.983730
5095 -9.983450
27722 -9.983420
55910 -9.983420
57270 -9.983240
9368 9.983140
35655 9.983060
24711 -9.983040
53320 -9.982940
9246 9.982930
38916 9.982540
13501 -9.982480
31457 9.982460
3939 -9.982340
23951 -9.982340
42364 9.982310
16055 9.982280
12097 -9.981340
correct!
