70254 10.000000
129750 9.999870
151489 9.999850
251363 -9.999800
52414 -9.999770
64680 9.999720
124063 -9.999700
70220 -9.999660
47645 -9.999600
150877 -9.999580
200252 9.999570
213191 9.999550
213899 9.999440
139493 9.999410
255882 -9.999360
241716 9.999330
121932 -9.999280
211327 -9.999280
83421 -9.999230
189900 9.999210
41236 9.999200
109480 -9.999200
60461 9.999100
76371 9.999100
99653 9.999020
233109 -9.999020
95439 -9.999010
13592 9.999000
81352 -9.998960
130524 9.998900
203425 9.998860
70718 -9.998840
61162 -9.998770
66899 9.998710
249593 -9.998670
154500 -9.998630
226945 -9.998600
40597 -9.998580
127264 -9.998400
126411 -9.998370
165998 -9.998360
181433 -9.998280
38890 -9.998270
147840 -9.998270
57830 -9.998240
128106 9.998140
16018 9.998130
125710 9.998100
188547 -9.998090
2754 -9.998050
4786 -9.998030
241992 9.998030
160740 9.997950
202567 -9.997950
209860 9.997850
1516 -9.997840
10390 -9.997840
141977 -9.997810
46819 9.997790
242060 -9.997780
131085 -9.997760
160006 -9.997690
215764 -9.997690
36107 9.997630
85631 9.997590
235139 -9.997560
80880 -9.997450
172385 9.997440
81584 9.997430
245792 -9.997420
55161 9.997360
157646 -9.997340
166011 9.997230
51047 9.997220
219791 -9.997210
183754 9.997170
210778 -9.997130
11088 9.997120
175684 9.997050
204520 -9.996950
6660 -9.996900
210624 -9.996890
260828 9.996890
243021 -9.996850
7860 9.996800
232196 9.996800
153035 9.996790
185675 -9.996790
186472 9.996780
148374 9.996770
176186 -9.996710
40446 9.996650
88793 9.996640
49398 -9.996630
132286 9.996520
176256 -9.996510
27048 -9.996400
231030 9.996360
226197 9.996340
201058 9.996260
240170 9.996250
250909 -9.996200
145413 -9.996130
94789 9.996120
122293 9.996120
196960 9.996100
225033 -9.996070
203633 9.996060
185742 9.996030
6926 9.995990
93881 -9.995940
131880 9.995940
221697 9.995910
202812 -9.995850
154238 9.995820
105001 -9.995750
137663 9.995680
122084 -9.995580
179913 9.995530
1879 9.995500
155309 -9.995490
235245 9.995490
141350 -9.995470
15633 9.995450
205565 -9.995430
162912 9.995420
207894 -9.995400
219815 9.995380
107650 -9.995360
220910 9.995360
166256 9.995320
213705 9.995320
133929 -9.995280
49049 9.995270
65798 -9.995120
110476 9.995100
72175 -9.995080
42167 9.994950
13603 -9.994900
109758 9.994890
219301 9.994890
72427 9.994880
155709 -9.994860
32681 9.994830
9548 -9.994780
36354 -9.994770
64814 9.994760
149665 -9.994760
194300 9.994740
125030 -9.994710
48108 9.994600
89831 -9.994600
190868 9.994600
250798 -9.994570
234522 -9.994560
200293 -9.994540
67323 -9.994530
174563 -9.994530
147561 9.994510
19913 -9.994450
170661 9.994410
113019 -9.994350
237974 9.994340
185383 -9.994300
133647 9.994280
252860 9.994120
33410 -9.994080
133815 9.994070
193191 -9.994070
251109 -9.994000
588 -9.993920
176576 9.993900
187276 -9.993900
240963 -9.993890
171299 9.993840
166560 9.993830
160772 -9.993820
170720 9.993750
172246 -9.993740
217624 9.993720
221574 9.993670
195430 -9.993650
17233 -9.993620
62184 -9.993490
35611 -9.993430
200537 -9.993420
133819 9.993310
157978 -9.993300
57018 9.993250
120975 -9.993250
261150 9.993180
150001 9.993170
14386 9.993080
55289 9.993080
66492 9.993030
7071 9.992990
124477 9.992970
135307 -9.992930
16495 -9.992910
246536 -9.992810
26429 -9.992750
249701 9.992740
75507 9.992680
123940 -9.992620
227334 9.992600
213432 9.992520
66584 -9.992480
212559 -9.992400
48610 -9.992390
219002 9.992390
28254 -9.992290
27854 9.992220
40400 -9.992180
243792 9.992120
223917 -9.992100
12821 9.992060
93117 9.992050
95606 -9.992030
141345 -9.992020
1742 9.991960
110238 9.991930
206301 -9.991920
55489 9.991880
10457 -9.991760
120155 9.991750
197334 -9.991700
227744 -9.991690
90160 -9.991640
45004 -9.991540
251480 -9.991510
137530 9.991460
162837 -9.991460
130744 9.991370
57658 -9.991360
49029 9.991330
256630 -9.991270
26534 9.991240
17738 -9.991180
232039 9.991170
179877 9.991160
240085 -9.991130
9169 9.991050
229616 -9.991020
165953 -9.990980
132700 9.990930
250193 9.990930
151782 -9.990920
86871 9.990890
75911 9.990880
92405 9.990780
150992 9.990720
27474 -9.990710
188674 -9.990490
160219 -9.990480
55123 9.990420
214488 -9.990350
130885 9.990310
150110 -9.990300
201070 -9.990300
237135 9.990300
83092 -9.990270
137963 9.990180
104417 -9.990140
73664 9.990040
257051 -9.990040
211159 -9.989990
115975 -9.989970
114349 -9.989920
252063 -9.989920
135408 -9.989840
175878 9.989840
234726 -9.989830
207535 -9.989810
201949 -9.989800
9064 9.989790
19771 9.989750
25287 -9.989710
189735 9.989680
63804 9.989670
214460 -9.989650
110044 9.989550
132175 -9.989530
220722 -9.989510
99549 9.989470
134813 -9.989470
6640 9.989460
4667 -9.989450
148104 -9.989380
42349 9.989340
105378 9.989340
102411 -9.989330
82384 9.989300
233063 9.989290
257859 9.989280
142229 -9.989270
98716 -9.989240
42283 9.989230
91138 -9.989220
160634 -9.989190
221875 9.989190
131502 9.989090
167586 -9.989080
214053 -9.988960
78340 -9.988950
89750 -9.988940
57101 9.988880
177504 9.988850
235207 -9.988840
160568 9.988750
161762 9.988720
128937 -9.988650
135168 -9.988630
85014 -9.988620
477 9.988490
149653 -9.988490
244550 9.988460
3952 9.988440
262098 -9.988320
208842 -9.988210
126688 9.988140
195934 9.988110
137129 -9.988080
111041 -9.988040
10678 9.988000
137108 -9.987940
141901 -9.987940
121748 -9.987850
258764 -9.987850
41664 9.987800
129833 -9.987730
59711 -9.987720
26070 -9.987660
4392 9.987590
158253 -9.987570
171949 -9.987570
255524 -9.987560
104172 9.987510
236726 9.987490
233426 -9.987460
202643 -9.987350
170270 -9.987340
40332 -9.987270
152675 -9.987230
252829 -9.987180
182644 -9.987120
210627 9.987120
220955 9.987120
168953 9.987110
232085 -9.987060
143823 -9.987020
198594 9.987010
23776 9.986940
258805 -9.986870
89772 9.986860
154973 -9.986750
31783 9.986720
87238 -9.986690
255893 -9.986640
120379 -9.986620
182072 9.986560
114124 9.986530
240612 -9.986530
19230 9.986520
129022 -9.986520
47087 9.986500
90993 -9.986500
64415 9.986490
194017 -9.986470
5400 9.986450
60381 -9.986390
199083 -9.986390
42234 9.986340
25076 9.986310
108611 9.986310
245157 9.986270
5310 -9.986220
194145 9.986220
184133 -9.986180
2222 9.986160
47793 -9.986160
161916 9.986160
189913 -9.986160
12624 9.986120
220474 9.986110
157558 -9.986100
44876 9.986070
236535 -9.986030
231214 9.986010
238188 9.985960
52337 9.985870
86869 -9.985820
82842 9.985770
96910 -9.985770
135053 -9.985750
56444 9.985680
186741 9.985650
33655 -9.985550
182318 9.985530
261680 9.985450
227733 -9.985410
41074 9.985380
242130 -9.985360
455 9.985260
235023 9.985230
224868 -9.985220
33479 9.985190
66618 -9.985150
17400 9.985120
32293 9.985070
77025 9.985060
141371 9.985050
36415 9.985030
82301 9.984960
164979 -9.984860
138074 9.984790
19833 9.984740
134264 9.984720
124421 -9.984620
59375 -9.984600
63215 -9.984510
51347 -9.984480
168750 9.984480
117607 -9.984460
196016 9.984440
135687 -9.984420
175007 -9.984370
206046 9.984370
167825 9.984310
160169 9.984290
200433 -9.984220
83961 9.984170
70279 9.984100
76996 -9.984100
138227 9.984020
122470 -9.984010
210596 9.984010
261023 -9.984010
112799 9.983960
121242 9.983930
121612 -9.983920
158544 9.983910
57068 9.983840
18166 9.983730
34119 9.983730
175025 -9.983670
241233 9.983630
254918 -9.983600
234352 9.983550
197826 9.983540
5095 -9.983450
116876 9.983440
27722 -9.983420
55910 -9.983420
152788 -9.983370
211077 9.983350
105619 -9.983340
208543 9.983340
127271 -9.983290
164337 9.983280
57270 -9.983240
168086 -9.983240
249080 9.983230
225684 9.983220
9368 9.983140
102533 9.983110
89412 9.983070
35655 9.983060
24711 -9.983040
196901 9.982990
53320 -9.982940
9246 9.982930
181518 9.982780
251422 9.982770
109755 -9.982700
234949 9.982610
261508 9.982560
38916 9.982540
144054 9.982500
173859 9.982490
13501 -9.982480
31457 9.982460
232137 -9.982360
3939 -9.982340
23951 -9.982340
42364 9.982310
85688 -9.982310
68213 -9.982290
16055 9.982280
181456 9.982210
135768 9.982100
192022 9.981970
243365 9.981900
183034 9.981820
106668 -9.981800
92278 9.981710
258519 9.981690
129338 -9.981650
132252 9.981610
150781 -9.981590
253809 9.981460
12097 -9.981340
208275 9.981320
74087 -9.981300
109853 -9.981300
252857 9.981300
127892 -9.981230
202913 -9.981200
74911 9.981190
175132 9.981070
255862 9.981060
258337 9.981060
9023 -9.981050
correct!
