W
-0.760779 6.39035 -6.57694 -8.45404 -9.50616 -1.57166 4.37161 7.41379 6.59184 9.00438 -4.48783 8.05858 -0.0113785 -1.12476 7.7445 -4.1611 4.92445 -1.97593 0.286499 -4.00689 3.45128 -3.1208 -1.23892 -4.00027 6.37872 -4.97143 2.83693 -4.94864 -7.95866 4.18982 -2.912 1.28056 0.580173 0.511064 2.82652 1.07401 8.9394 -2.80187 -1.51219 5.53125 -3.79749 3.99998 3.58982 6.19113 -7.12478 1.33432 -7.96997 7.79967 9.35839 2.31653 -6.20722 2.80966 9.19573 2.55386 8.8094 5.57445 7.58243 1.64633 -9.37419 9.62377 -4.16385 -2.28619 0.904338 6.41632 
-6.26914 -2.50967 7.16428 0.92899 5.97814 2.69552 7.1315 -0.0218856 -3.71466 3.32263 2.85333 7.61966 5.35266 0.653002 6.97805 -2.33081 4.44578 -0.212288 -3.13508 -3.00036 -1.40289 -7.56063 -5.41793 -9.75657 -6.93482 -5.79416 -3.92042 0.778992 5.11018 -7.5041 -0.996137 8.84104 -0.0137711 -3.83186 -0.22997 -4.03564 8.86366 -3.09847 5.94248 -4.851 -9.77584 -1.20419 -7.23134 5.57682 9.44881 9.74671 -6.75399 3.89459 -0.465581 0.110931 -9.10577 8.13153 2.55031 -4.52371 8.37496 5.61549 -0.317864 -5.54546 -3.60552 -5.20769 -3.04956 5.39834 -6.36664 6.93667 
3.40338 -7.09897 -9.56986 -9.69509 8.84351 -4.42086 -9.47093 -2.36068 -1.6522 6.10589 -2.91187 -1.90549 9.3519 -9.01728 7.62893 -0.53717 -8.12305 5.76046 -7.98686 -2.64676 4.13542 7.62863 7.03538 8.58996 -5.97689 -8.17231 -4.45961 9.42145 -4.53895 -7.52294 -9.01207 8.86443 -4.62191 -8.58192 9.16935 -5.7784 -3.00278 9.69842 1.86092 5.34502 5.80431 8.94905 -6.56046 5.15621 9.93177 -8.93154 -5.38096 -8.19128 6.82892 -3.36783 -0.838035 0.964335 -5.7392 -3.80265 -0.445709 -1.7161 -1.97496 5.09469 -2.29465 3.48609 7.57175 -1.30671 2.35052 -7.05016 
1.51987 -2.82855 7.10859 1.21828 9.03237 2.45361 -2.97741 7.98142 5.89315 -7.8212 7.9132 6.96161 -3.20217 9.72192 3.79053 3.43001 -1.11611 -5.24514 7.6908 5.08123 4.30915 -4.02529 -6.89373 -0.596161 3.68006 6.59236 -3.02441 -7.62665 -1.05712 -0.0745678 2.48471 -9.53725 7.09688 -0.406698 1.68103 6.12925 -7.95309 8.70362 4.11068 7.94006 -9.11758 2.02387 4.90167 -2.31974 1.74579 -1.3078 -8.88974 -9.37032 3.44706 8.80106 5.71091 -2.24379 -5.22423 8.81718 7.16005 8.45583 5.40954 -5.86436 -9.17082 -5.64759 4.06107 3.31389 -5.18484 1.15795 
6.49619 -2.7128 -5.04589 5.19982 -8.60212 -7.10583 6.08224 3.42175 7.79584 -6.2375 -4.83245 -3.51197 -5.12724 -4.20277 9.93509 -6.32618 -8.49186 -2.30869 -1.55041 -9.67469 -5.14864 -3.09458 5.73485 -1.013 -2.2654 -9.91274 -6.95192 -8.9515 -5.09758 4.20603 -6.04431 -8.60138 -8.50677 -1.0902 6.59844 -7.10888 1.80397 2.68068 6.31287 -0.400193 6.44317 -8.51958 6.08784 -8.68407 -2.72235 6.02294 -5.01025 -1.21422 -6.28575 3.43935 -0.888904 -1.43439 -9.65523 -5.15406 7.55261 -1.92063 -5.06679 -9.39931 -0.87213 -0.164367 4.80672 3.08356 1.23425 6.29995 
-2.16731 9.19107 3.79734 -9.48664 5.50394 -6.60285 6.95654 6.98436 9.48499 8.27247 -5.738 5.50792 -6.73778 3.04779 9.22217 6.70157 -7.84112 -2.21222 7.04634 -2.99517 -4.65961 -4.87429 1.93804 -4.05892 4.25358 -8.22633 -9.2522 -2.66286 3.00792 7.04776 -0.669492 -9.15939 6.23883 -6.87216 -8.64603 1.74277 -3.47501 8.31051 -1.27288 -3.99002 6.58298 2.98913 -8.4821 9.8452 -3.96308 -9.25993 6.54676 -1.8042 -1.47215 3.5931 5.20063 3.86825 8.71881 -2.86134 9.80933 2.97239 -1.08767 -9.44287 -9.69047 -8.07975 7.60489 -0.359966 -7.23914 3.84372 
-5.88517 -4.41352 9.29287 -7.57466 4.31361 -4.69715 9.00832 -2.69727 -3.17925 8.85351 3.33965 -2.43918 5.40028 -8.46455 6.08867 -1.00662 6.73608 -0.043081 -2.28781 -6.12526 -0.233753 -9.31543 2.78707 0.323378 -9.0059 4.70732 -2.07173 0.634134 7.46818 -8.22802 -6.59799 -8.41699 -2.64154 -7.30512 -5.99165 -8.32793 -2.00227 -6.98333 -1.0252 4.81848 -8.12982 -7.68554 -7.62071 7.27046 -6.15009 8.46797 -3.73617 -9.41402 -1.57511 3.97602 -5.53928 8.19113 4.66059 7.2478 -1.48549 5.65469 1.95512 6.44278 -3.71117 -0.576699 8.21476 -0.309159 1.00631 -4.42677 
5.01466 -2.75471 -9.61655 8.03133 6.2201 5.20193 9.90151 8.53456 7.58122 7.17196 -7.61554 6.04919 -6.5642 -7.02955 -5.52593 7.41182 -2.56883 -7.33479 2.07241 -5.32104 1.17972 -2.2729 6.63408 -2.3775 4.01593 -3.94262 -4.16274 -6.29323 7.0637 1.41048 6.09249 2.07836 8.65578 6.47594 0.109691 4.87588 1.67787 0.0111991 3.41043 -0.740907 -2.81684 5.7949 -4.69172 0.61896 8.76534 -0.217643 -1.96922 -3.80349 2.44757 -9.89681 0.875475 -6.37271 -2.16971 -2.49044 1.24979 -8.15378 3.56694 7.08705 -4.44701 0.630637 -1.50247 -8.35452 -7.291 -2.84669 
2.81869 -7.97081 -0.2007 -7.17011 5.43962 9.05839 0.013051 1.23452 -5.63333 -9.36799 -0.000138283 4.14903 -1.33721 6.19637 -3.4034 -1.23402 -2.92815 0.223883 6.59627 4.5814 -8.52633 8.44249 -1.85165 8.56072 -6.00452 8.77898 -2.94175 -4.35904 -8.51202 4.21156 -6.23761 4.30667 6.24075 3.56169 7.13656 1.68037 2.62008 -2.85039 -7.08511 6.98676 -2.21838 2.91475 1.13579 6.44441 -0.888872 7.73239 -4.78962 6.18298 -2.04373 -8.19335 0.764381 -0.57006 -9.75086 8.91273 -2.00934 -5.75539 7.69171 5.0489 -0.114429 9.17969 -0.739536 3.64796 3.48636 -4.49879 
0.622913 7.18159 9.82973 7.77252 -9.90352 6.81649 -4.44586 3.01123 -2.04772 -8.00145 -7.87764 -4.31533 -2.79107 8.30534 3.64094 -0.984421 -0.930282 -6.92912 -0.735285 -2.01756 1.06154 3.50933 -4.32585 -3.88956 -6.6051 -5.14616 5.37091 7.04286 8.3402 -9.12788 -5.74749 -1.03689 8.05371 -5.91776 -3.26437 8.15018 -9.10127 2.28977 1.16142 -1.14899 4.28832 3.28378 4.53568 -8.50275 1.58912 -1.82338 0.512827 -9.34116 1.2475 9.77754 -1.35872 -7.69096 3.28687 4.31543 -1.58052 6.68176 9.16928 -6.20961 3.72462 7.50947 -5.33749 7.97713 -3.52741 -7.28378 
3.20822 -9.1336 -7.0419 -4.50201 2.02782 1.80911 9.78631 -4.6884 -3.6552 -8.71645 6.90072 4.52142 1.79638 7.55955 -4.23108 1.57392 -3.79917 -1.92204 -5.13921 -9.48373 6.49745 -8.45745 9.68554 -9.71216 5.26717 7.19502 -5.04965 3.2443 -6.3324 -2.33344 5.30366 6.87582 -1.46704 8.26176 -7.62619 -9.43922 0.0708711 -7.83988 -4.12762 6.41567 -6.55633 -7.2269 0.937084 5.24005 -9.66735 6.70601 -3.18603 -3.46651 -5.21603 1.67476 -2.95024 -8.71859 3.21731 -3.2647 -8.43075 -1.51552 -6.06968 -3.4804 -8.27123 -2.40207 4.18616 7.03244 -5.52625 -7.28088 
-3.15244 -6.72009 -4.63493 -0.992322 -0.847709 -8.21927 2.45135 1.92539 2.71782 -2.30861 2.25805 -0.576178 4.50536 8.79154 4.20779 -3.81988 -4.1587 5.4892 9.39743 2.5766 7.05846 -2.1181 6.50692 -6.42195 -0.389322 -5.89515 7.76421 -3.35689 -1.4214 -9.51666 -8.06269 5.42616 -6.23675 -2.69763 -5.56616 2.91554 -0.916892 6.88519 -5.15907 -8.19908 -5.42341 7.09898 1.22475 9.08195 5.89051 -4.56746 -4.73793 -8.26819 -9.07826 -5.34051 4.30841 7.9802 2.5414 0.815333 -8.44175 -7.84793 4.92018 9.32246 -1.20481 -6.50121 9.80581 0.732496 8.92495 -6.43095 
-6.6412 6.48459 -2.88202 -9.75601 -8.67448 -1.0811 -5.17943 8.4245 -9.85635 -6.09748 4.31501 -4.42382 -0.835413 6.04682 -3.50208 3.82408 0.355231 -5.52188 -3.63452 -8.82944 -3.96363 -1.48245 6.09075 -4.64117 7.31274 9.58953 -4.83536 -1.95477 8.51449 -1.26631 -3.91989 -8.12672 -4.78172 3.19808 -7.88273 -3.4562 -7.88301 -3.06216 -5.0317 -7.73936 0.840361 9.28331 -2.16318 -9.99505 5.33014 4.33474 3.82903 -4.31463 8.81286 -9.8055 -3.14407 -5.15077 -1.28795 -7.05332 0.208066 -3.97521 -7.46379 5.3727 4.07003 -8.9493 -5.8936 -9.84987 -7.07602 -0.675323 
-4.95875 5.86848 5.4652 1.97909 -9.16322 7.72584 -7.18055 -9.8799 -4.43734 -7.1756 5.45023 9.8974 6.65343 -8.8644 8.71026 6.84793 -2.00847 -6.44051 -4.44001 0.938208 3.76756 1.58478 3.47442 -0.859735 -4.3452 4.52512 3.24666 -4.19506 7.44911 -7.42866 9.15315 -7.50964 8.43982 4.61836 4.46945 9.2766 2.3442 7.28891 9.3967 7.90685 -9.88669 4.84693 7.80426 6.76674 5.98253 6.51452 3.61467 -6.02594 -9.92599 9.17466 4.91226 3.84157 0.759437 -1.61331 -7.01816 6.41424 -7.08819 6.2285 -7.78082 -9.63908 8.79984 -8.62767 -7.14872 7.23965 
7.32073 6.51626 -1.66512 4.60964 5.91295 -3.75826 4.72295 0.759881 -5.95401 1.48969 -3.25759 -9.43949 -4.89564 0.716464 -9.36547 -5.72098 -4.37127 4.4761 5.03846 4.01542 7.45794 1.4527 6.92723 3.68644 3.67188 7.28815 2.48627 5.04421 -9.86057 -0.274072 1.0349 7.46016 -3.75782 9.36979 2.06981 -7.84486 -4.38848 -3.20724 2.91502 -0.342482 8.28245 9.65743 0.21803 -6.61318 0.37389 0.852556 -2.33416 6.00262 -4.67134 -7.2957 0.0180334 -7.2134 4.157 -3.05474 6.47304 -2.17112 -5.76659 -1.04069 -7.12691 -5.62717 8.68524 3.90799 -8.16701 -5.07258 
3.9028 -2.91744 8.8893 -9.30444 9.99758 -1.45318 8.97801 9.655 8.76485 -7.63518 0.0288922 -0.382593 0.0306606 -3.96849 4.94606 2.73496 6.04954 7.73266 -3.10804 -7.0052 4.2057 4.72083 -2.77179 -6.83499 7.59392 1.60104 -8.14976 1.50192 3.43403 -3.22233 -5.2203 -2.66317 3.86023 -6.331 -1.96761 3.8578 2.21582 -2.98961 3.5128 0.98067 -0.624783 -6.4583 -9.40192 9.40588 -0.426794 5.54414 2.14083 -4.37725 3.2768 9.03279 -1.38245 -2.5175 3.75362 5.84576 0.647502 1.34755 -2.5532 2.49775 -7.15053 -9.11917 9.27541 -2.37084 -1.78234 3.13564 
6.25005 -3.00656 -6.48602 -6.73956 -9.49376 4.49465 2.63566 -5.95206 5.09273 2.04153 3.62115 0.636868 -5.81763 9.24389 -6.08633 -6.78484 -2.13855 1.39617 6.96878 -6.29279 -7.95633 -1.68367 1.154 4.54141 1.16579 2.03484 3.81683 8.79495 -9.7475 -3.04754 0.0931162 6.50254 3.9459 3.6071 9.76298 4.45214 -1.89825 2.39864 8.50008 -6.80552 -5.55983 2.12123 3.83134 -1.37746 1.36512 7.74501 1.83769 9.22657 -0.858819 -1.19353 -7.06623 1.18485 7.1228 4.08778 -4.27374 -1.71141 -3.87738 9.54309 -2.91646 -3.62489 -3.50445 7.17666 -7.12235 -9.55855 
-7.35937 4.89359 8.8855 5.03927 3.39368 -7.92002 9.47944 -4.48509 5.91132 -1.89802 6.88003 3.65634 9.93967 6.1066 -7.20248 -1.25386 9.04037 3.98237 -4.13107 3.12815 9.70863 4.15752 9.25077 9.25172 -8.75894 -4.37412 -4.25273 8.41772 -1.49646 -3.81128 -0.798523 1.14417 -8.91768 -1.91302 -3.81656 4.476 0.16696 -4.33712 9.9909 -3.92172 3.76486 6.87093 9.73462 3.70453 2.97753 -7.46786 -7.54934 2.0179 6.51451 -1.6804 -4.85394 6.22315 -7.52288 -5.60317 5.47487 -6.28182 0.02271 -8.77786 -7.86409 8.52625 -2.58914 1.33738 -0.329583 -1.50682 
5.85386 -7.03082 -0.408677 -8.48326 -7.03992 5.66961 5.2816 9.83101 5.40423 -1.01388 2.80854 7.93638 1.43679 -5.17356 4.45089 9.75638 -0.0275052 0.674039 -7.7665 4.36932 -3.85109 -4.04831 -5.60797 -2.62895 -1.91241 -7.08172 4.78191 9.42498 2.5887 -6.72491 8.84934 -1.55745 -3.75574 -1.55934 -0.0407064 -0.795658 -5.88973 -4.75911 -0.964648 9.5145 4.22701 -8.15611 7.45088 -4.3362 -3.32967 1.90178 -4.57982 6.64282 -7.42419 -2.34631 1.01215 -1.27528 3.60538 5.40418 6.09577 -8.30703 8.32246 0.877672 -8.88206 0.911152 4.15276 9.96728 9.35371 -9.60298 
-0.687001 -0.398633 2.51821 4.55389 8.63672 2.03272 -1.2191 -9.51939 -0.516402 4.4447 -2.84906 -8.61463 9.86489 -6.20624 -6.03881 -2.48142 4.80591 2.68591 -8.87605 0.210086 -1.21833 -7.18308 -1.46746 9.65935 -6.06514 9.44369 3.81211 -6.09786 8.7974 4.20913 2.31009 -1.8896 -6.1895 -5.1717 -7.33571 -7.55278 6.86101 1.44519 -7.07218 -3.65539 -4.1101 0.0787622 -2.27001 -4.24522 3.87252 1.69117 3.27336 -1.32157 -5.62292 4.39731 8.88852 3.15876 7.21423 -2.57894 2.8181 -8.85091 -3.13525 -3.36979 -4.94876 -4.33785 -9.16066 7.36132 3.77255 -5.35016 
6.43684 -2.90295 9.05063 -2.11797 0.0248772 -4.60475 3.77193 -9.89636 3.12523 9.52672 3.97616 -5.1836 2.80007 -7.34541 -0.806512 -2.80261 -8.45689 -7.64776 -5.58838 -1.03583 5.17035 -4.43929 5.82892 -8.19944 0.611945 -8.50893 -7.3601 -2.02673 5.26363 -2.71026 0.162886 1.70047 4.38679 -0.786481 9.5825 -5.58834 4.60876 3.35444 -5.4847 -2.26601 2.88115 8.49147 2.5504 -4.31878 -8.85394 -8.25611 2.87861 -7.31083 -5.90387 7.29023 1.65334 9.26648 -7.14907 -2.51774 -8.93296 3.46288 -1.02666 -6.29306 -8.56385 -5.76304 0.996673 1.59903 5.93743 -4.61654 
5.51994 -0.204874 5.42131 -1.12563 4.31043 -6.84469 -8.24448 2.8019 5.70571 -2.56325 3.94796 7.4496 -9.68464 6.63713 -8.45427 7.60559 -1.70953 -9.18779 -9.54348 5.77273 -8.12075 3.9194 -5.25393 -4.41381 5.35555 -1.01697 6.58286 -3.04542 -5.07953 -8.03368 -2.23287 -9.5596 1.76145 -6.81156 -0.685221 -3.92812 -3.65625 1.0703 8.87378 -7.95054 8.50705 2.82174 9.49906 8.82241 -0.541133 -8.95521 6.428 7.74934 -8.143 6.88452 3.52207 -6.26375 0.803919 8.26814 -0.677558 -3.84054 -2.74883 -4.0947 3.11404 2.17164 -2.12837 -9.11883 2.61204 9.63308 
-8.07318 -4.29504 0.413366 2.99712 -5.42127 2.46283 1.50417 7.40047 1.96189 0.326585 -3.14066 3.00668 -3.24542 -5.39133 4.86368 -6.3609 8.13074 8.59993 4.44302 6.39888 -2.07763 -9.39752 -6.34995 3.82767 3.71653 5.82168 -8.3007 4.5977 -1.56628 -8.66762 8.66731 0.36054 -2.96267 -0.919324 -6.64234 1.61606 -8.4565 4.86183 -0.983466 3.50539 -4.81158 5.87587 -3.48794 1.943 -9.51546 -8.62426 5.5821 8.61528 9.97567 0.0251234 5.01416 -2.10196 0.627608 8.66421 -8.27429 -5.65587 4.48589 -6.57499 8.94183 -7.08039 -5.24261 7.60914 3.28015 1.79472 
6.63782 -6.58921 -1.76668 1.49965 2.42732 -8.26129 6.68807 -1.69681 -1.74922 -1.36893 -1.21227 -0.373483 -5.78683 -2.59698 -0.397813 4.2383 -7.58282 7.50023 -5.13409 -8.91861 9.22594 -0.789958 5.56728 -7.34905 -1.84813 8.4869 -2.59166 -4.23899 1.76705 9.20306 2.45083 -1.59513 -7.38615 -9.31584 9.90452 5.04117 -7.57713 6.59259 -6.65564 0.673643 -4.77634 2.13209 -9.69984 -0.563167 9.53511 -0.0976539 -6.32487 -8.0477 -2.59743 -1.45896 -6.96631 -3.37149 7.75108 8.60097 -0.720539 -4.09705 7.08787 6.6878 1.66397 -1.14508 5.89087 -5.8852 7.25979 8.50471 
7.1643 3.54588 -2.77818 3.75689 6.89024 7.89546 8.98055 -0.97766 8.19562 -1.58262 -1.44255 -1.90203 2.09251 0.509748 5.50054 -9.36645 3.54344 -7.87095 8.38463 2.14441 1.40851 -5.71242 -0.767723 -1.90369 5.95154 8.0872 -6.01282 -9.93366 5.34698 -7.50811 -5.1347 2.51129 6.03778 2.08712 -3.73182 2.92802 -0.0174201 -4.75128 -8.04964 -1.8218 3.6661 0.507816 6.27617 -4.24139 -8.98244 1.77671 -3.60784 4.561 3.90576 -5.22321 -3.29459 -4.68573 -0.935637 5.93769 3.41059 -4.98409 4.02488 7.39777 -4.91775 -0.628133 9.88966 -0.0524533 -8.11684 5.92744 
-1.84867 -1.14454 2.01724 3.40006 0.805827 -9.80455 -2.93384 -8.68636 6.47162 2.82477 -7.66879 -1.75167 9.21694 6.89221 -7.84591 -6.00628 -6.40238 -2.53163 3.05808 9.5353 -9.12105 8.07399 3.56018 8.27672 -6.84376 -7.06795 8.16638 3.10379 -5.18479 4.09382 5.13845 2.96654 -7.05071 -2.84431 -3.6334 3.75511 -2.64886 3.43276 5.06876 -6.17724 -3.74246 7.39996 2.07109 -4.52553 4.29217 4.22519 -0.531805 7.88979 -8.30645 -7.47372 7.42509 -7.42749 -9.39973 0.985276 -9.15077 -6.24349 3.91733 9.01562 6.8603 8.73254 3.10944 1.99875 1.69908 6.05873 
8.06568 -0.186157 -3.49442 1.49844 -5.1174 0.328345 7.75598 -7.71744 -7.60056 -6.76954 6.57474 6.62463 2.69865 4.46452 8.31818 5.22493 1.88961 -9.10931 5.8252 -7.12511 -8.26007 9.58171 6.79222 -9.24446 6.44201 5.52475 3.86498 -1.55924 -2.77617 -0.0762892 -2.4048 -4.71049 9.73755 4.10078 6.78796 -5.37985 -5.57087 4.54394 -3.09728 -3.17144 7.7744 -6.52255 -6.54681 0.473051 7.94198 -8.22863 -4.30202 -0.168409 -7.33794 -8.47682 2.70648 -5.59801 -8.89511 -0.501301 -4.84247 7.5469 -4.97655 9.02251 -4.01234 2.24729 -1.05378 3.58285 7.5368 -1.31622 
4.32476 3.30393 2.11276 -1.1313 -9.79335 8.94133 -3.3569 -6.3159 -7.60548 7.11615 -8.37393 -5.83411 -7.18587 1.45767 -3.17205 -5.66269 -5.83585 1.22994 -4.55779 3.66284 6.38747 -7.01089 8.6863 5.40998 -1.02323 0.933583 -5.64379 -7.44038 -1.52962 3.03998 0.24326 -7.20486 -3.65609 -7.64398 1.66384 -3.44944 -8.70265 8.30694 0.234658 -6.30813 5.42309 1.86073 -2.14225 8.23722 -6.6816 4.6857 -7.42547 -2.51746 -4.08436 -1.98326 -8.85461 -7.69689 1.00585 9.83169 7.71309 9.98262 0.765271 -7.93071 -7.45776 9.23565 5.10928 2.7855 -7.96921 -8.54681 
3.69463 -1.99625 6.43887 2.00157 8.23841 -9.86926 -2.57534 0.099141 -2.01151 -4.33812 3.41754 -7.3258 -1.76359 -9.09992 -1.41016 6.25315 -7.95453 0.892943 -2.741 -8.12284 -1.39397 -2.75838 2.64243 0.675325 -0.216134 1.87808 -4.2154 -7.43063 3.90888 -2.76221 7.71089 -2.39649 5.24154 4.14977 9.60509 3.47995 4.28051 -2.97025 -6.42091 -7.731 2.69163 6.99663 -5.05681 -9.07196 7.89671 3.53303 7.18119 9.94219 -5.57403 -5.55981 -8.18065 3.032 1.68182 4.46178 -6.29267 -8.53432 -3.66014 -0.508069 -5.96495 -9.75126 6.72972 -8.25405 -2.14774 1.97127 
-2.54266 -4.54878 0.176221 4.48709 -0.969688 2.44522 -2.82128 -3.97306 7.38841 -1.89325 -6.07634 0.921445 -4.71206 -6.13415 5.34742 -0.271863 -4.31481 -1.62058 -8.59004 -9.85303 2.08675 -7.12436 -3.51316 -8.42132 -3.08931 -3.26442 8.3084 -1.34336 4.58784 0.279672 -5.44765 -7.95482 5.73089 4.72857 6.53227 -5.2388 -2.82621 -6.28901 0.788146 -5.43779 1.81774 4.7118 5.48365 7.10569 8.57765 0.831069 -3.16618 -5.73716 9.21049 -1.75622 -5.59019 1.29724 1.11942 0.896652 2.87592 8.03011 7.63223 1.18432 -3.31325 2.22007 -8.53601 1.2391 4.26525 7.19489 
0.797525 -8.04391 3.14146 4.50851 2.74423 7.70367 -3.67374 -2.54396 3.18732 -6.56806 -3.96631 -5.98161 0.265769 0.296528 -6.77112 8.50955 4.70634 4.52612 -0.371035 -4.39701 -2.59796 -2.34093 -6.76477 8.58636 4.34582 5.4553 -9.94965 -4.41508 -0.27945 7.24524 1.55259 -9.48193 9.20133 -5.30594 5.02659 1.94556 -7.60227 -8.64715 9.4016 5.58505 -5.21521 -4.56471 9.60345 5.05056 5.73182 -7.16767 3.56011 0.438159 7.35845 -6.81093 6.04115 -5.23951 0.848147 9.27638 -6.65315 -4.80603 4.73168 -6.60279 0.778888 -5.54777 -9.35755 -7.66852 -5.0297 9.84378 
9.99689 1.78934 -0.576732 -8.65026 1.19094 -4.99168 -3.86546 6.62622 -5.38823 -8.8149 2.35804 -2.5559 4.74521 -7.2038 -5.19745 7.93428 8.83735 -0.436956 -1.21757 8.11374 2.9099 3.9764 2.84541 6.30711 -5.24471 7.29764 6.94955 -2.91323 -7.73205 6.79333 4.11231 -7.73516 -1.41733 -6.46443 -6.38542 9.77361 -1.45611 -0.25088 6.39983 3.15566 0.934219 -1.24213 -9.40024 -4.32057 1.55407 -4.59768 -6.38629 0.391423 4.96536 2.39614 -1.49484 -2.12474 -3.62746 -8.64943 -5.81764 1.12782 8.64822 -8.86808 8.21459 -9.08384 7.92525 2.32689 -6.81899 -3.49208 
-3.20441 -3.71848 -5.59364 6.54471 -7.31865 7.56203 -2.52107 1.43923 8.16179 3.15836 -7.0067 -6.43589 6.77206 3.38472 8.52947 -0.831796 -8.11012 -3.59527 5.54074 -6.75955 0.587093 -3.33144 -8.11133 1.71901 -5.11685 -7.19517 -0.355741 7.21004 -4.01416 6.15217 3.07251 2.78143 -7.5663 7.47887 -0.673864 -4.88495 5.0409 6.80506 6.55428 3.20269 -0.0365794 9.54757 6.76679 -3.26451 2.93229 5.29626 5.90369 4.82216 -8.29901 1.44443 8.06261 2.28808 8.11299 9.95128 -5.99291 -7.00386 -7.24389 3.65135 -9.79381 -1.25806 -0.196472 3.2787 -8.47663 2.23723 
0.849505 7.35228 -4.20153 -2.34543 3.90655 9.00115 7.61799 3.45412 5.76795 -5.64652 -3.61359 1.06421 -9.74284 -8.79142 2.7652 1.70159 9.27119 -4.94672 -0.185416 9.22247 -0.939629 2.81072 -8.02143 -7.28828 3.01691 0.720518 2.51525 -3.70439 2.24389 -5.24752 7.05318 -6.90661 -7.89525 -7.14836 0.747962 6.0113 -8.1472 -1.63405 -0.534575 7.62075 2.71943 5.85184 -1.31505 2.97659 7.06041 -8.54985 -5.32182 6.3316 -3.49657 4.49277 5.55407 5.5638 -2.69651 7.53265 8.27552 -9.6796 -1.74684 0.790771 -3.38399 -9.50295 5.54325 -6.33081 -6.40956 7.648 
4.33841 3.6593 -1.62637 -7.29564 -6.87527 -4.00562 5.42378 8.97656 4.67933 -1.59962 6.03697 6.12948 3.07856 2.36857 -7.36709 -2.42867 -2.07736 8.1967 4.87482 -4.54471 6.47222 5.19523 3.70845 -2.73701 -8.18876 4.2055 -7.19376 -4.51957 7.79595 -9.54576 2.00126 2.13435 4.11354 -9.62511 4.83871 7.23826 -3.63073 0.262495 6.21482 -8.9514 8.66287 2.2518 7.17808 1.74143 -5.37963 9.81098 9.31276 2.54302 8.00769 4.18759 7.99831 4.47991 -0.617185 1.70676 -8.2571 1.19405 -4.08774 -5.45086 6.67448 -6.29179 -4.99662 -1.32426 5.84256 9.11691 
0.681274 6.35518 5.41991 -9.05623 2.57 6.46851 9.60664 -5.1782 3.64659 1.34807 -0.55783 3.45757 0.660835 -8.01481 1.46526 -5.15158 9.98349 -4.05484 4.23124 1.69025 -2.31194 -4.57471 7.60252 2.2372 -7.90023 -8.68927 7.24058 0.775518 7.15329 6.35749 9.82616 -2.16543 2.71267 5.24606 -1.22166 -4.71733 1.71457 -1.61502 0.104464 -4.63884 9.73305 9.54663 8.81873 0.393881 -8.46818 0.283981 5.2423 -8.48469 6.22914 -0.52646 3.20557 -6.08279 4.89883 0.808083 6.15441 6.99861 2.11881 3.39498 -2.22588 -0.727894 -0.247526 -2.39972 7.10667 -7.53486 
-4.11499 -2.25219 4.56091 4.26998 7.85227 9.92207 4.00303 7.39891 8.7408 -5.60309 8.93073 -0.975225 9.63921 -9.55396 -4.74608 -0.887246 3.65161 -0.828876 -5.98842 -5.54031 -4.67447 -8.98981 6.5785 8.72051 -1.21569 -4.14939 -1.52701 6.38459 -7.04272 0.938126 9.23093 -1.15771 8.68593 3.79185 -6.88773 6.53821 3.71391 7.1153 3.93711 2.45471 -8.48779 2.86784 -8.52052 -8.84858 3.31388 -3.2666 0.264176 -3.03452 5.90453 4.27576 1.42517 -8.76995 5.28595 -1.99632 9.95057 -5.92974 3.85428 -1.57645 -9.54515 6.81156 9.36168 9.68579 -4.34615 8.04761 
-1.23388 4.58582 -2.80845 -4.11858 -1.47707 9.64626 -2.60637 -8.60923 -8.87426 -1.45495 4.70464 -2.14085 8.80923 -8.32987 -6.23633 3.08499 3.0953 -5.00627 -1.62906 -8.90102 -5.05571 2.4412 4.95326 3.36784 2.89606 1.76483 2.72952 2.58185 7.41868 0.777133 -3.94052 -3.8152 -4.63705 3.25103 2.06622 3.88588 2.89729 9.45985 5.27664 4.02303 -1.9951 -0.0187147 -8.11782 -3.18587 1.65141 -4.35415 9.89912 -5.25328 0.639572 -1.72994 -4.15431 5.58386 -9.28874 -9.20104 -1.04829 3.60732 2.56379 -8.31877 -3.81083 -0.0175357 2.45836 2.24864 6.16726 7.82131 
-1.76652 1.70719 8.39696 -2.30667 -3.01617 2.41999 5.69823 6.96511 4.30217 -7.48764 -1.38347 9.94801 -7.58852 3.36324 0.587584 0.681541 9.20894 -3.82855 1.3928 -9.9921 5.12316 -4.99988 2.57168 6.80438 1.18929 -7.44585 -0.737256 -6.56207 8.72141 -2.91595 -1.06239 -3.04511 8.79124 -2.66543 4.64822 -4.22493 9.75456 0.346458 -7.25982 4.05672 2.85882 1.35671 4.00474 5.2703 -5.28005 -5.40768 -4.04816 -6.07111 0.763769 7.34465 -6.06322 -4.11308 -7.65523 6.50846 -7.30869 3.53406 9.06261 1.95405 6.97199 7.78402 9.03811 -4.09041 -5.26109 7.82935 
9.38714 -6.39559 2.99872 -0.266404 -3.65541 -2.94456 -7.40758 7.7013 -8.93983 7.86272 -7.57875 -4.3475 -6.18544 -3.64986 6.41626 -8.84079 0.286918 -7.69681 -6.49602 -3.20462 -5.0055 7.03803 -4.14201 6.94855 4.01002 -6.35799 5.98665 9.91961 -1.61907 3.816 3.16377 -2.23194 7.42041 -3.83751 7.50166 -6.23499 3.21793 -9.90592 -8.53369 4.2781 7.9568 -6.11244 9.9306 -8.22864 0.237692 6.34686 -7.06943 -9.47539 8.65005 -3.56545 -2.68001 -6.35545 -6.52742 3.17799 -9.4069 7.4826 6.82 6.57975 7.40222 -4.79908 0.39575 0.565993 2.96899 -2.18384 
0.470652 1.58117 -0.0535882 0.56473 3.04748 -5.77548 -1.47847 6.93503 -5.84488 0.292886 -2.82727 -9.49802 3.22345 -2.30266 9.15203 9.658 5.01733 -7.20342 -6.86941 -1.80469 -6.61032 -9.38681 -4.98469 9.96943 8.01541 0.216238 0.365176 -1.4186 -6.81477 8.18134 -4.69012 3.65588 -0.23749 5.25629 -5.77939 -7.19001 9.48081 2.74214 9.74502 -6.36407 -6.96498 -3.08225 -5.86209 6.25848 4.61509 -6.71006 5.91648 -0.367584 -3.91348 9.04707 7.82773 -0.5238 9.66026 -7.15696 -0.554373 7.67566 3.05928 9.8108 -3.74294 6.24451 7.99214 1.56695 -0.0996077 -2.24535 
4.121 0.564641 -3.69595 -3.13686 0.309663 -0.0600171 -0.101839 7.22741 4.07789 -3.84336 1.8425 7.36784 -7.92688 -8.52509 -6.54564 -8.87982 9.30264 2.93056 -9.21956 -7.85431 -7.62381 8.45611 5.20497 -7.81301 -5.28683 1.44948 -9.82087 6.28012 -8.65013 -2.06621 -6.89664 5.47087 8.49843 -0.592586 -7.66599 -1.19191 9.3474 2.23217 -3.9645 3.42529 8.38881 7.878 0.793127 -9.53807 9.35291 4.24749 -8.41789 8.65556 -2.82195 -7.63745 -9.19876 -0.445766 -9.18134 6.00621 1.74122 -4.46817 -2.54431 1.92036 -8.18805 -1.19444 9.85414 -5.08469 -5.72357 8.35257 
-3.38955 -2.83934 3.67012 8.84262 3.19616 -2.90459 7.23143 1.07416 7.88854 7.69336 0.427071 2.13602 9.27547 -0.917373 9.31407 -8.36197 -0.11613 -1.1317 -7.54332 -4.10992 -9.39047 -2.01149 3.34577 2.52988 -0.19954 -7.84867 2.38403 4.71577 -3.57224 0.736594 -0.96151 3.03821 7.89725 -7.29139 1.88083 1.09341 -0.19598 -0.887746 -7.83243 -2.30744 -3.19439 2.59464 9.82858 -3.91892 -8.32273 9.14265 -2.28089 1.56114 -1.98905 0.175792 7.45122 -1.37952 8.16431 0.796988 -8.84964 -2.03523 2.94832 3.53439 -7.31947 9.37608 -5.72902 1.71902 2.41429 -7.83176 
-5.70488 3.26165 -5.76835 3.40737 5.42922 1.92421 -9.78702 -1.97614 1.75279 -3.70594 -0.298867 0.895439 4.01317 -8.73773 8.90639 -5.81104 8.71349 -2.47313 -7.64673 -0.48952 -1.32276 0.318035 -7.5412 -7.78837 2.99857 -8.16512 -3.51739 -5.28241 4.24917 -1.34915 9.14522 8.54428 -8.0875 -6.62312 1.95166 7.34172 5.30109 2.16464 -4.63442 -2.94612 8.4587 5.06672 7.94932 2.47187 6.32899 6.85571 6.66084 5.04248 -5.61742 9.01411 -5.44704 3.05982 -0.667859 -2.98824 5.27145 -7.66929 -1.15336 -8.24593 -2.9517 -6.90419 0.404917 -3.80647 -8.35991 2.31742 
3.59175 -0.340863 -5.12851 -4.24362 5.02472 1.92536 -5.78492 0.0914347 -0.12532 6.68696 -3.57958 -3.26961 3.3478 -8.5371 1.11297 2.3619 -3.98413 -5.82721 -8.30596 3.02762 9.44425 -5.97525 -8.12574 -8.80169 1.07305 -5.02993 1.60323 7.26657 -3.38984 -6.07935 -3.16302 -9.7981 3.57978 1.70847 -4.04171 -1.3955 -6.36617 0.17337 8.69594 3.50851 -3.13967 -4.88364 -9.7611 -9.79188 -3.42073 1.35187 2.57002 2.59513 5.52467 4.26406 -4.37724 4.96891 8.28881 -2.50298 6.16723 -0.638138 2.46708 -2.22954 -3.37156 9.07724 1.69111 3.46541 9.27914 -4.72911 
-4.76257 3.87539 -1.19229 5.4108 2.57133 -7.68378 -7.72887 7.68769 -7.44488 -7.52075 -5.73304 3.907 5.04927 6.86209 -0.568339 -0.686663 -7.51516 -5.59942 -2.39785 -0.0181401 -9.4322 6.96401 -7.55106 -1.66174 -6.40755 -8.47381 -9.97063 7.05786 -9.19467 -4.69974 -7.76826 -3.95724 9.17565 1.03946 -8.54644 1.74698 3.35568 -6.27531 -0.565329 5.9108 -3.79606 3.70163 -0.182203 -8.74679 0.563716 9.24946 0.566545 3.04856 -6.34996 8.16869 -6.96958 -5.78216 5.1327 -4.52064 2.5561 8.72515 -2.99445 2.58547 5.78301 -2.18912 7.88573 8.01476 3.85364 7.06138 
5.3072 -1.19164 -7.59011 9.03188 8.24303 8.32069 -4.76418 1.94466 -1.86151 -3.51097 -7.49162 -2.61205 7.05558 5.55694 1.03799 5.22427 8.58735 5.25583 0.356973 -5.93328 -2.18807 -0.917876 1.07227 -9.6026 -5.13486 8.88315 8.28313 -7.12011 2.73678 5.34451 1.93411 -1.95602 -5.84713 4.344 -2.92413 -7.6041 2.66469 2.31169 4.34056 -9.19682 8.80072 6.84894 -1.80887 5.85629 2.40587 9.22912 1.08056 0.993226 4.48495 -8.56246 5.05994 -7.70313 0.51966 -3.86779 -7.30573 5.3848 -4.98464 -9.0226 8.26469 7.75214 6.3219 0.198795 -4.20388 -9.52523 
2.87199 -7.12933 7.20748 -4.81632 7.21123 8.01067 -6.0156 4.06017 -3.7982 9.84069 -3.53396 -4.56908 0.921254 7.45927 9.91587 2.35879 2.51921 -7.78726 -7.12155 8.65142 -5.09299 8.26324 -6.33322 -4.11559 6.52793 -8.58109 -7.79369 -3.27327 -2.78496 -7.31892 1.26952 -9.91297 -4.44824 -1.52299 -4.72929 -7.23701 -3.51233 -0.744897 6.82316 2.68947 -0.904206 -6.7108 8.12039 -9.98295 -9.25153 8.03626 2.37584 3.26768 -9.751 5.25428 1.9191 -4.84399 3.51753 5.58587 1.04042 0.0454628 7.00479 3.24673 6.77219 -5.78018 5.92782 -1.95829 -5.69315 -8.52043 
-0.422443 -5.75744 -6.99361 8.83266 -8.93428 5.69586 -2.07155 -5.64508 3.81626 -2.0545 -4.89661 1.85252 -9.67866 8.37106 2.10152 5.57562 0.290159 7.25753 -0.906852 -4.12397 -1.70205 9.13861 -7.11918 -8.45532 5.9108 -2.89936 7.47249 -6.04748 1.40749 8.95207 -9.52876 -9.01495 -6.80537 -6.52237 9.81771 -5.73965 9.17349 -2.25384 -1.38474 2.98975 5.69166 3.71865 -5.15773 6.01299 2.08971 6.94378 1.58861 -7.62013 4.20131 -9.31824 -1.7441 -7.50074 9.82037 1.13672 -5.95607 5.73117 8.23736 -8.48357 9.68369 -0.355152 -9.53151 -9.84507 0.629895 -6.33688 
0.447602 -2.07654 -7.19396 8.19376 6.53873 5.79579 3.88542 0.257377 -9.36194 -0.101585 -7.65291 7.58184 -8.51297 -5.27304 1.78315 -7.83121 2.98286 4.28241 -8.01084 -5.88042 8.32634 7.72034 -7.64307 9.84277 7.40403 2.00178 -9.68874 7.55896 -7.36832 -6.02562 -8.80849 3.07928 1.89785 -6.00245 1.27304 -1.56343 9.79335 -4.84154 8.69395 -9.5686 5.05688 -8.95896 8.01324 6.54391 -4.232 -0.203605 8.7127 8.75086 -5.9212 -9.29814 -7.12957 -7.59485 8.4222 -4.77263 -7.75208 5.82623 7.22915 -7.44082 3.38518 9.86083 -3.46644 4.57669 2.94011 8.43141 
-5.78685 -3.13202 8.36759 -0.62839 -4.43807 8.79899 -5.57151 -3.39703 6.81223 -9.02761 2.37097 -3.39137 9.68509 1.12182 0.687435 -9.61305 3.99226 3.09258 8.80914 9.21962 5.3405 4.63537 6.44877 7.89968 -1.97945 6.3096 -5.56676 -7.40276 -0.750297 -7.13535 -8.82852 3.46285 -0.267373 9.53907 -7.16554 5.29456 8.33806 -2.73705 -8.10247 5.1503 -1.76466 4.2685 -8.24107 -2.07957 -4.60968 2.44636 -1.69262 9.38258 -4.46105 -2.88348 8.6022 -9.12056 -8.24811 5.05097 8.77912 -0.227557 1.36057 -6.78764 2.36968 -9.38973 -3.92299 3.54117 4.07312 5.80963 
6.90758 1.10419 1.4183 -5.82947 3.00172 -3.4314 2.40586 -2.72978 -1.67247 -9.67371 2.66054 -9.2261 -1.36633 2.04312 -3.68716 5.75019 0.645328 -2.80771 7.50208 -4.3037 -4.02859 -2.72548 7.05687 -0.816233 9.64421 7.66715 5.26077 3.18537 1.74027 1.07041 -3.73439 -1.35215 -7.8254 7.68392 2.81838 5.17632 -5.74748 -4.77576 -7.55346 2.58005 -4.44946 5.10708 3.35395 4.1842 -2.84979 9.66679 -0.0656056 7.79554 -3.14093 -2.56352 -6.50816 2.83048 4.711 -9.45129 -7.98575 4.35521 8.21586 7.27502 -2.45942 -0.0438714 -1.65457 3.80619 8.60398 0.520023 
1.42236 -4.30366 5.74263 6.6466 -1.85712 -1.67733 -7.80286 -6.75004 -8.32338 6.38134 0.400172 -8.6566 -3.68426 -1.80429 -1.79752 3.75221 1.68754 -8.96704 -1.53679 2.23626 -6.9528 -7.18158 0.452115 -9.67778 0.358994 -9.59176 -1.33235 -5.83481 9.01222 9.18767 5.65529 0.434583 -5.11599 1.39792 -2.91882 3.02689 9.72059 -0.721679 6.27686 -8.60279 -4.34034 -3.32297 -7.25938 1.9754 4.87274 0.943093 -4.27239 -3.43972 1.97605 4.19082 8.79654 5.02325 7.00923 -0.751348 5.34547 -2.63177 -0.343105 -5.98688 1.53341 -1.33088 -6.79921 -2.81129 9.1037 -1.9152 
-3.81511 -8.88831 8.30722 5.46321 7.38855 9.70443 -8.87713 -5.93442 -7.55496 3.09827 8.93831 3.38814 8.82588 -4.5014 -4.63582 3.0167 -5.70487 -9.61256 0.0259292 3.54378 5.73291 7.39416 -6.79932 9.74603 -1.07243 1.8698 -7.05318 6.11628 0.973501 1.03161 4.7029 7.15839 2.14331 3.01012 2.6216 -0.468146 2.71454 3.74447 3.59743 5.15959 -3.15727 2.53575 -1.45228 -4.33139 8.03434 3.91191 8.68531 -7.67053 4.29934 -1.28876 5.87326 0.0322521 -3.89461 9.07394 -0.221721 5.03296 0.943734 2.72509 1.14924 -8.08277 -6.24329 -4.14786 9.07562 5.90001 
1.69722 -4.56813 1.5768 -4.55832 9.0293 -3.26361 2.28442 1.56505 5.28411 7.95303 -0.400614 -0.80398 6.63834 1.92886 -6.50464 -4.65043 -2.19789 3.52762 1.45496 -3.12395 -6.6941 -3.51207 7.81978 6.03099 7.63717 9.73702 9.7877 -6.51069 8.81264 5.68771 -7.64843 0.509861 -8.88042 3.92837 5.95154 -9.85112 -9.33524 -1.76404 1.71393 5.94887 -3.81101 -8.68668 -4.85511 -7.17267 3.24218 -1.35975 -1.8231 -8.95571 -7.83213 9.63187 -2.07966 -4.52623 -3.88021 -4.25988 -8.49524 -6.24304 -4.52286 -8.70755 -2.75373 -5.71022 6.98017 -0.402164 4.79964 8.09975 
0.751188 8.24863 -5.80904 8.98715 -0.0374353 -9.86017 -4.82385 1.27588 -4.71528 -1.99652 -5.48194 3.92498 6.18038 -4.43765 6.09285 5.81224 3.48269 -8.43338 -8.06796 9.22281 -6.92863 -4.311 -5.30005 -5.63617 2.93527 -1.01027 -8.65601 -7.4669 -6.21063 9.44374 -3.94069 4.54056 7.69238 0.250269 3.52772 -2.34506 0.390099 8.70386 8.93082 5.67482 -3.29266 -6.55112 -0.400203 -7.11229 -0.988774 -4.30736 8.69995 -7.50609 -2.74074 -9.36801 -8.28328 0.330631 -3.67901 -3.58333 4.69446 9.25626 5.4064 6.03845 -8.21064 9.19578 5.48219 -2.15133 3.73634 3.17457 
-2.73594 -9.17049 -1.51096 -4.03208 9.76034 -5.83614 2.67525 -6.79078 3.76365 5.56296 2.22044 9.4563 4.26292 4.71435 -3.28444 4.89491 6.43107 7.04619 -8.7841 -7.15226 1.74064 -9.52784 8.25415 -2.22091 -7.73848 7.44992 -6.73871 0.110187 1.18626 6.43586 -1.79088 8.45032 7.26537 6.69816 -5.58177 7.02571 -9.13799 7.09349 -9.76508 4.62567 2.65645 2.45537 4.08196 -3.08063 -2.83028 -9.20248 -8.18572 -6.39921 7.8437 -6.96982 -3.55146 -0.415652 -6.49766 -5.29732 7.36344 -4.23614 -7.84739 -9.37527 5.87405 3.33887 7.06059 -5.91683 1.78919 4.32596 
6.20742 1.35167 -8.35666 3.30091 1.58659 6.26901 -4.04264 -5.95804 0.350972 2.87673 1.21168 1.14849 4.69101 4.81247 -1.00781 7.72119 -8.73899 8.57654 -8.77646 -4.03631 5.93998 -3.0126 -1.8837 6.56471 -7.13855 -8.54484 3.6253 -3.05538 3.24435 -2.04873 -2.27405 -0.548229 9.30294 -0.630702 -7.24732 0.889531 -4.36169 -1.28997 4.93149 5.98928 -8.41324 -3.85683 -2.86223 6.27777 -9.04436 6.12997 3.99896 -7.78335 4.70651 5.2225 -1.81966 0.646492 -7.7901 6.29664 -2.78879 -4.92865 7.7518 -9.16349 2.01597 0.996152 -1.21222 9.74192 -9.55208 -1.90928 
-6.7994 8.98025 4.74953 1.91063 3.91174 0.738809 3.49739 -9.94509 7.87658 -0.224837 -8.98945 4.00655 -6.22587 -6.7728 -1.28695 8.99663 1.40754 9.35955 -8.79347 -2.29582 -3.42925 -3.72213 -4.54402 -2.59274 8.29384 6.45213 6.19504 8.03576 6.90005 -5.71424 -2.85302 -9.89935 -6.73399 -8.10349 2.01128 7.17774 2.63532 -4.49133 7.23265 0.5119 5.28383 8.2432 -5.48155 9.05796 -8.52961 3.2315 8.05459 2.87793 2.59105 9.26112 -9.41789 9.1618 -4.46101 -3.96192 -3.43094 -6.16717 -7.50979 -7.23589 -8.1314 9.39026 -2.95013 -0.98442 9.49091 0.315872 
1.50219 -2.50639 -6.45259 7.01086 -5.27374 4.05931 2.2947 -7.03054 8.57775 1.35266 -5.56015 1.80925 -0.592752 7.31778 -5.5997 -1.33164 7.89989 -6.4379 4.20735 -6.06203 0.131162 8.04019 -3.57182 2.89527 9.90878 -4.18156 9.94514 -1.07564 -4.69065 0.261008 9.83645 6.81154 7.75462 -6.61614 3.82241 -7.51912 7.44317 -3.88289 -4.54966 6.02093 7.46977 -0.109805 -2.16982 -3.12299 -2.79202 2.23048 5.54538 -4.89213 5.79258 -0.247269 -0.954162 -4.07626 -2.20708 5.47402 8.81901 -2.2983 -8.70753 8.76414 6.62607 -3.39818 -0.974849 6.46252 -6.58664 -3.22023 
7.23577 -0.739343 7.28956 -6.64712 4.711 3.31048 -9.17736 -5.3988 -8.85934 -2.30034 1.80917 3.37114 -6.75497 6.91704 -0.836283 2.99777 -4.03712 5.08746 -9.20932 -8.5631 3.90646 -1.50762 -7.27063 2.6706 -4.88155 -0.668815 -8.30424 -8.41903 2.74455 -1.52447 -8.57265 -0.0196803 7.73618 8.71691 3.3332 2.44718 2.02739 4.15584 7.04838 3.16805 -8.1445 -1.14245 -3.4608 -4.89947 -4.2254 5.70291 8.0983 1.73748 0.79037 8.88898 3.17438 -5.30317 -2.61864 5.90374 7.36744 2.49981 -4.76507 9.06319 4.08078 7.97948 -2.46128 5.50814 -2.0402 -4.7251 
-8.70701 7.72208 -3.74756 5.44884 4.77046 9.42049 7.30433 -6.37198 -4.04031 -7.59513 -0.597386 -8.3374 -9.49684 -8.85991 2.45297 9.39215 4.31447 7.1498 -3.22649 0.218207 4.51724 9.27332 5.45313 3.58043 3.35411 3.43261 -8.88085 -1.13776 -8.6076 -3.60595 -6.91271 -7.3146 -5.88387 -0.660278 8.13423 8.8866 -1.23979 5.43857 -7.48538 4.7199 7.84343 1.91723 6.3825 8.3466 3.05732 -1.16453 7.73874 -2.62822 -4.01472 -5.48775 7.58999 -9.49749 -6.21442 3.04312 4.08294 7.13968 -3.52427 5.20209 -3.99808 -2.13186 -8.40386 -0.910791 0.553535 -4.28773 
-1.31223 -5.40113 -2.81086 -5.87366 -2.88652 -8.09096 -8.03023 9.03071 8.29155 -9.68363 2.08803 -2.87298 8.05511 9.45981 3.11229 -7.43264 7.0498 3.61481 -3.64706 0.0929219 -2.30225 -6.50738 6.56865 -7.10016 -0.505456 -5.56321 -5.50402 8.58375 4.99033 0.208248 7.01268 -6.3219 4.80711 -5.79817 -2.19557 -8.0794 -3.88913 -0.225798 -9.0487 -5.59758 0.0905699 3.03933 1.52943 -1.85432 2.49914 -5.35827 0.713046 -0.451062 8.25654 7.06599 9.64186 -4.04571 -9.44139 6.21052 -1.14587 0.0531512 -9.35269 3.35011 -1.3631 5.63763 -6.44164 -4.35041 9.31573 8.36547 
-2.87984 -9.71393 5.96228 6.89436 -8.76263 -9.6353 -3.01507 4.2767 1.89413 5.13061 -3.22416 6.53586 -4.15634 6.32478 4.7924 -7.09036 5.96664 -9.25331 -6.53175 2.17716 -0.399182 3.5214 2.82446 -7.04907 -7.8417 -1.53791 -3.49072 -2.19211 -2.22218 -5.12525 7.6593 4.89798 -4.83918 3.62159 1.79235 -3.60181 3.98628 8.77728 -9.32511 -4.11958 3.90789 -2.54927 -7.58372 9.75155 -6.22449 7.20868 -7.33881 9.74215 7.95536 -3.87056 1.91931 -2.44382 9.65084 -5.25623 0.507111 -8.19085 3.20586 7.0164 -0.38296 -9.01631 -8.10885 -2.72366 5.88167 -2.94803 
x
-7.96336
8.22487
-8.43352
0.111366
-7.0928
-8.00663
2.76788
2.38572
8.12143
-2.79035
-7.94063
5.2942
8.03487
3.34822
5.99069
3.27778
1.29816
0.783755
9.42436
-1.59206
-7.81038
-9.18745
-5.93039
-3.31018
-5.20105
-7.96534
9.15444
-2.31636
5.14152
5.89571
-4.03233
-2.97446
5.86247
0.75757
-3.47917
-0.949363
-7.15366
3.47763
-4.50033
3.24416
6.72848
-3.17676
4.32272
4.42763
-0.429597
-4.82612
-0.945787
-5.45721
6.51872
-6.36745
8.57424
3.08024
1.49011
8.58662
8.86226
-6.4738
8.09894
-9.21867
-0.888782
0.912091
9.84638
4.22504
8.42893
-0.148588
projected x
60 9.84638
18 9.42436
57 -9.21867
21 -9.18745
26 9.15444
54 8.86226
53 8.58662
50 8.57424
2 -8.43352
62 8.42893
1 8.22487
8 8.12143
56 8.09894
12 8.03487
5 -8.00663
25 -7.96534
y
330.63
-117.465
-14.0321
230.826
246.791
410.407
-4.5479
-56.1639
-202.014
-5.86134
-270.22
428.773
-455.076
-227.352
19.7439
-99.24
-188.801
86.9994
307.99
2.61115
-3.98953
30.0679
54.2086
-43.6233
131.115
248.97
-150.834
-80.0834
-140.645
38.279
-205.693
45.1054
149.379
146.873
64.7311
339.392
241.792
5.75188
48.5962
-252.611
74.1901
-261.701
86.8152
38.9501
213.305
-40.6819
61.0778
-242.215
-83.3561
-451.333
169.807
-69.1606
126.648
-234.603
152.665
112.928
29.3782
186.714
-89.864
56.8813
-384.294
-340.862
229.774
-277.828
correct!
